50 112
0 1
0 2
0 3
0 4
0 5
1 6
1 7
1 8
1 9
1 10
2 11
2 12
2 13
2 14
2 15
3 16
3 17
3 18
3 19
3 20
4 21
4 22
4 23
4 24
4 25
5 26
5 27
5 28
5 29
5 30
6 31
6 32
6 33
6 34
6 35
7 36
7 37
7 38
7 39
7 40
8 41
8 42
8 43
8 44
8 9
9 10
10 11
11 12
12 13
13 14
14 15
15 16
16 17
17 18
18 19
19 20
20 21
21 22
22 23
23 24
24 25
25 26
26 27
27 28
28 29
29 30
30 31
31 32
32 33
33 34
34 35
35 36
36 37
37 38
38 39
39 40
40 41
41 42
42 43
43 44
44 0
0 6
1 11
2 16
3 21
4 26
5 31
6 36
7 41
8 12
9 17
10 22
11 27
12 32
13 37
14 42
15 13
16 18
17 19
18 20
19 21
20 22
21 23
22 24
23 25
24 26
25 27
26 28
27 29
28 30
29 31
30 32
31 33
32 34
33 35
34 36
35 37
36 38
37 39
38 40
39 41
40 42
41 43
42 44
43 0
44 1